A=[
    [1, 0.046, -0.019, -0.089, -0.149, 0.102, 0.049, 0.063, -0.103, -0.007, -0.041, 0.186, 0.079, 0.113, -0.12, 0.076, 0.08, 0.181, 0.002, 0.045, 0.098, -0.078, -0.02, 0.194, -0.036, -0.028, -0.094, 0.151, 0.001, -0.107, -0.16, 0.06, 0.066, -0.142, 0.031, -0.015, -0.206, 0.063, 0.186, -0.224, -0.067, -0.188, -0.138, 0.168, -0.031, 0.1, 0.106, 0.042, -0.026, 0.201, -0.042, 0.033, 0.01, -0.011, -0.199, -0.12, -0.095, -0.309, -0.255, -0.073, 0.201, -0.098, 0.078, -0.004, -0.18, -0.017, 0.044, -0.121, 0.031, 0.102, -0.095, 0.124, -0.006, -0.019, 0.087, -0.034, -0.02, -0.093, -0.033, 0.008, -0.218, 0.006, -0.028, -0.023, 0.024, 0.19, 0.062, -0.034, 0.042, -0.326, 0.214, 0.02, 0.085, 0.133, -0.011, 0.025, -0.114, 0.006, -0.025, -0.048, 0.017, -0.026, 0.045, 0.062, 0.096, 0.088, 0.084, -0.029, -0.263, -0.144, -0.008, -0.085, -0.049, 0.049, -0.01, -0.239, 0.092, -0.471, -0.033, -0.06, 0.482, 0.066, -0.18, -0.251, -0.194, 0.024, -0.197, -0.139, -0.044, 0.085, -0.092, -0.05, 0.094, 0.066, 0.006, -0.045, 0.032, 0.041, -0.085, -0.121, -0.035, -0.093, 0.064, -0.102, -0.062, -0.08, 0.011, 0.037, 0.024, 0.145, -0.068, -0.071, -0.114, -0.096, -0.053, -0.082, 0.081, 0, -0.055, 0.155, 0.011, 0.077, 0.126, -0.121, 0.037, -0.149, 0.169, -0.13, -0.283, 0.11, -0.001, 0.143, 0.026, 0.011, -0.194, -0.163, 0.046, 0.004, -0.242, 0.019, 0.003, -0.173, 0.033, -0.012, 0.248, -0.05, 0, 0.045, -0.21, -0.018, 0.07, -0.232, 0.152, -0.043, 0.079, -0.129, -0.124, -0.011, -0.062, -0.12];
    [0.046, 1, 0.035, 0.079, -0.145, 0.034, -0.078, -0.086, 0.066, -0.057, -0.061, 0.125, -0.025, -0.065, -0.023, 0.143, -0.112, -0.147, 0.083, 0.035, -0.157, -0.094, -0.017, 0.006, -0.122, -0.099, 0.021, 0.094, 0.081, -0.069, -0.041, 0.058, 0.01, -0.112, 0.055, -0.026, 0.017, 0.029, -0.034, 0.053, -0.043, -0.148, -0.187, 0.136, 0.081, -0.055, -0.113, -0.004, -0.143, -0.101, 0.071, 0.019, 0.01, -0.049, 0.008, -0.039, -0.08, -0.191, 0.061, -0.151, 0.124, 0.038, 0.034, 0.015, 0.01, 0.078, -0.078, -0.042, 0.036, -0.111, -0.056, -0.047, -0.033, -0.071, -0.137, 0.04, -0.053, 0.049, -0.051, 0.204, -0.045, 0.033, -0.19, -0.034, -0.015, -0.081, 0.01, 0.112, -0.04, -0.081, 0.296, -0.075, -0.059, 0.083, -0.026, 0.068, 0.078, 0.148, 0.191, 0.132, 0.047, -0.029, 0.247, -0.06, -0.061, 0.033, 0.03, -0.218, 0.132, 0.129, 0.01, -0.195, -0.059, 0.011, 0.123, -0.075, 0.001, -0.012, 0.066, 0.057, 0.011, 0.059, -0.023, -0.089, -0.027, -0.108, -0.041, 0.075, 0.146, 0.052, -0.431, -0.052, 0.159, -0.079, -0.111, -0.048, 0.006, 0.035, -0.17, 0.017, -0.148, 0.108, -0.023, 0.055, 0.033, -0.091, 0.017, 0.044, 0.132, -0.087, -0.127, 0.008, 0.085, -0.201, 0.03, -0.07, 0.135, 0.002, 0.032, 0.013, -0.054, 0.171, 0.254, -0.096, 0.004, -0.097, 0.069, 0.04, -0.078, 0.039, -0.009, -0.076, 0.02, -0.115, -0.036, 0.076, -0.05, 0.076, 0.059, 0.091, 0.105, -0.063, 0.126, -0.113, -0.001, 0.036, -0.042, -0.013, 0.023, 0.119, 0.133, 0.055, 0.097, 0.032, 0.063, -0.066, -0.146, 0.049, -0.201, -0.078];
    [-0.019, 0.035, 1, -0.012, 0.024, -0.173, -0.081, 0.044, 0.065, 0.016, -0.148, 0.061, 0.089, -0.045, -0.011, 0.062, 0.19, -0.012, -0.014, 0.214, 0.109, -0.081, -0.041, 0.022, -0.066, 0.043, 0.014, 0.163, -0.037, 0.231, 0.019, -0.123, -0.037, 0.031, 0.082, 0.079, 0.038, 0.006, 0.103, -0.104, 0.136, 0.081, -0.049, 0.026, 0.001, -0.06, 0.093, -0.155, -0.018, -0.137, 0.127, 0.022, 0.162, -0.017, -0.013, 0.091, -0.016, 0.029, 0.071, -0.023, -0.11, -0.168, 0.048, -0.051, -0.026, 0.023, 0.167, -0.013, -0.03, 0.067, -0.115, -0.015, 0.012, 0.196, -0.031, 0.062, 0.041, -0.085, -0.028, -0.004, -0.118, -0.03, 0.081, -0.099, -0.042, 0.069, 0.056, 0.395, 0.034, 0.108, -0.067, 0.053, -0.2, 0.113, -0.022, -0.123, -0.026, -0.056, 0.113, -0.19, 0.113, 0.068, -0.08, 0.115, 0.078, -0.14, 0.017, -0.031, -0.15, 0.023, 0.061, -0.041, 0.097, -0.196, 0.009, -0.02, 0.12, -0.026, 0.082, -0.025, -0.095, -0.092, -0.108, 0.035, -0.058, 0.001, -0.165, -0.202, 0.021, -0.081, -0.088, 0.033, 0.072, 0.181, 0.134, 0.027, -0.136, 0.113, 0.041, -0.022, 0.06, 0.228, 0.195, 0.176, -0.049, -0.062, -0.002, 0.037, 0.054, -0.079, -0.042, -0.07, -0.027, -0.065, -0.026, -0.085, -0.023, -0.065, -0.053, 0.09, -0.027, -0.008, 0.077, -0.119, -0.004, 0.019, -0.003, 0.068, 0.113, 0.07, 0.076, -0.004, 0.001, 0.065, -0.029, 0.237, 0.084, -0.027, 0.02, 0.019, -0.108, -0.019, 0.046, -0.178, -0.039, 0.14, -0.187, 0.08, -0.075, -0.014, -0.006, -0.061, -0.011, 0.165, -0.037, -0.047, -0.078, -0.087, -0.057, -0.132];
    [-0.089, 0.079, -0.012, 1, 0.16, 0.238, -0.02, -0.021, -0.03, 0.001, -0.064, 0.291, 0.154, 0.143, 0.008, 0.144, 0.201, 0.138, -0.058, 0.002, -0.302, 0.072, -0.066, -0.019, -0.115, -0.107, 0.044, 0.095, -0.059, -0.084, 0.031, 0.235, -0.068, -0.23, -0.1, 0.175, 0.142, 0.1, -0.001, -0.177, 0.122, -0.003, -0.05, -0.053, 0.228, -0.089, 0.005, 0.097, 0.018, 0.064, 0.225, 0.039, 0.07, -0.15, 0.079, -0.094, -0.124, 0.013, 0.081, -0.065, -0.108, 0.032, -0.075, -0.075, 0.189, 0.009, -0.046, -0.002, 0.004, 0.145, 0.059, 0.056, 0.373, -0.086, -0.052, 0.048, 0.042, -0.183, -0.156, 0.145, -0.197, -0.033, -0.059, 0.117, 0.008, -0.145, -0.1, 0.004, -0.083, -0.22, 0.215, 0.018, 0.053, -0.177, 0.007, 0.043, -0.031, -0.112, 0.018, -0.098, 0.23, -0.191, -0.002, -0.118, 0.147, -0.081, -0.059, -0.199, 0.186, -0.107, 0.052, -0.196, 0.116, -0.137, 0.157, -0.114, -0.099, -0.006, 0.046, -0.1, 0.163, 0.126, -0.015, -0.225, 0.133, -0.155, -0.175, -0.144, -0.062, 0.111, 0.037, -0.091, 0.072, 0.032, 0.154, 0.005, -0.16, -0.238, 0.044, 0.199, -0.068, 0.082, 0.179, 0.071, -0.191, -0.081, 0.08, 0.001, 0.039, -0.013, -0.065, -0.144, -0.13, -0.033, 0.116, -0.132, 0.011, -0.04, 0.139, 0.109, 0.159, -0.099, 0.143, -0.068, -0.167, -0.209, -0.182, 0.188, 0.162, -0.109, 0.167, -0.086, -0.049, -0.061, -0.153, 0.07, -0.053, -0.266, 0.018, -0.165, -0.018, 0.064, 0.216, -0.272, 0.145, -0.14, -0.201, -0.163, -0.099, -0.08, 0.01, 0.203, 0.096, 0.02, 0.05, -0.108, -0.2, -0.092, -0.02, -0.085];
    [-0.149, -0.145, 0.024, 0.16, 1, 0.132, -0.022, -0.038, 0.034, 0.017, -0.044, -0.042, -0.006, -0.11, -0.104, 0.125, 0.105, 0.021, -0.056, 0.035, -0.218, 0.035, 0.036, 0.028, -0.061, 0.018, 0.137, -0.009, 0.083, 0.078, 0.166, -0.072, 0.026, 0.064, 0.089, 0.198, -0.005, 0.039, 0.043, -0.03, 0.001, 0.098, 0.022, -0.089, -0.019, -0.232, -0.078, -0.057, -0.015, 0.131, -0.041, 0.147, 0.053, -0.07, -0.019, -0.127, 0.036, 0.032, 0.035, 0.037, -0.179, -0.024, 0.141, 0.079, -0.137, -0.478, 0.053, -0.083, 0.016, 0.079, -0.074, -0.009, 0.112, -0.073, 0.175, 0.172, -0.051, -0.075, 0.044, 0.041, -0.127, 0.096, 0, -0.106, 0.056, -0.32, -0.058, -0.07, 0.041, -0.151, 0.042, 0.12, -0.105, 0.004, -0.049, 0.042, -0.198, 0.04, 0.11, 0.028, 0.095, 0.055, -0.107, -0.075, 0.149, -0.093, 0.164, 0.082, 0.104, 0.111, -0.178, 0.07, -0.054, -0.057, -0.106, -0.049, 0.178, 0.075, 0.002, 0.025, 0.066, 0.039, 0.078, -0.098, 0.172, -0.037, 0.071, 0.132, -0.213, 0.005, 0.076, 0.234, -0.064, 0.036, -0.019, -0.142, -0.148, -0.244, 0.065, -0.081, 0.092, 0.083, -0.061, 0.041, -0.079, 0.075, -0.021, 0.142, -0.21, -0.135, 0.029, 0.094, -0.121, -0.01, 0.025, -0.134, -0.047, -0.057, -0.085, 0.221, 0.323, -0.033, 0.197, 0.026, 0.06, 0.029, -0.093, -0.056, 0.141, -0.139, -0.033, -0.172, 0.123, -0.116, 0.111, 0.082, -0.061, -0.123, 0.019, -0.324, -0.049, 0.097, 0.099, 0.029, -0.05, -0.096, 0.009, 0.109, -0.053, -0.093, -0.168, -0.002, -0.155, -0.121, -0.074, 0.142, -0.064, -0.049, 0.1, 0.138];
    [0.102, 0.034, -0.173, 0.238, 0.132, 1, 0.182, 0.037, 0.083, 0.001, -0.042, 0.24, -0.055, -0.061, -0.066, -0.006, -0.15, 0.048, 0.204, 0.148, -0.12, 0.015, 0.188, 0.11, 0.008, -0.071, 0.084, -0.062, 0.113, 0.069, -0.03, 0.052, 0.049, -0.042, -0.088, 0.15, -0.022, 0.067, -0.01, 0.098, -0.085, -0.053, 0.017, -0.072, 0.149, -0.02, -0.03, 0.085, -0.054, 0.044, 0.069, -0.01, -0.072, 0.001, -0.002, -0.149, -0.167, -0.169, -0.056, -0.192, 0.113, -0.006, 0.116, 0.032, 0.18, -0.059, 0.076, -0.03, -0.063, 0.018, 0.047, -0.054, 0.098, -0.096, -0.091, 0.112, 0.008, -0.014, -0.178, -0.1, 0.036, -0.044, -0.179, 0.118, -0.084, -0.025, -0.063, 0.002, 0.012, -0.048, 0.185, 0.151, 0.079, 0.017, -0.016, 0.041, 0.106, -0.067, 0.085, 0.067, 0.119, 0.042, 0.163, -0.059, -0.075, -0.02, 0.003, -0.146, 0.26, -0.096, 0.01, 0.029, -0.002, 0.033, 0.048, 0.116, 0.06, -0.041, 0.047, 0.03, 0.089, -0.019, 0.129, -0.083, 0.069, -0.073, -0.247, 0.003, -0.016, 0.122, -0.016, -0.028, -0.006, 0.011, -0.035, -0.004, -0.028, -0.101, 0.069, -0.041, -0.085, -0.066, -0.019, 0.067, 0.005, -0.066, -0.053, 0.008, -0.091, -0.068, 0.04, -0.074, -0.036, 0.006, 0.083, 0.195, 0.074, -0.026, 0.097, -0.085, -0.054, 0.139, 0.091, 0.074, -0.076, -0.197, 0.017, 0.035, -0.142, -0.119, -0.073, -0.222, 0.086, -0.034, -0.082, -0.011, 0.008, -0.205, 0.021, 0.14, 0, 0.073, 0.181, -0.202, -0.049, -0.051, -0.017, 0.024, -0.184, -0.117, -0.144, 0.048, -0.113, -0.018, 0.063, -0.037, -0.191, -0.085, -0.119, 0.031];
    [0.049, -0.078, -0.081, -0.02, -0.022, 0.182, 1, -0.063, -0.183, -0.233, 0.027, -0.025, -0.104, 0.185, -0.035, 0.131, 0.097, -0.064, 0.066, -0.013, 0.012, -0.09, 0.08, -0.054, 0.142, -0.084, 0.01, -0.056, 0.079, 0.071, -0.029, -0.144, 0.021, -0.061, 0.019, -0.083, -0.061, -0.323, 0.091, 0, -0.132, 0.061, -0.097, -0.251, 0.013, -0.107, 0.113, -0.097, 0.013, -0.072, 0.067, -0.02, -0.095, 0.288, -0.16, 0.19, 0.106, 0.007, 0.111, -0.133, 0.012, 0.141, 0.088, -0.228, -0.063, -0.034, -0.02, 0.077, -0.07, 0.044, 0.057, 0.062, -0.009, 0.027, -0.015, -0.081, -0.014, 0.051, -0.034, 0.014, -0.114, 0.059, -0.119, -0.097, 0.024, 0.048, 0.092, -0.042, -0.001, 0.043, -0.011, 0.053, 0.133, -0.019, -0.074, 0.127, 0.001, -0.035, 0.105, 0.378, 0.133, 0.081, 0, 0, 0.127, 0.102, 0.05, 0.057, -0.052, 0.015, -0.016, 0.028, -0.003, -0.008, 0.073, 0.084, 0.061, 0.075, -0.102, 0.027, -0.097, 0.03, 0.018, -0.02, 0.023, -0.005, 0.043, 0.173, -0.04, 0.076, -0.116, -0.143, -0.054, -0.042, 0.052, -0.057, 0.083, -0.036, -0.114, -0.076, 0.096, -0.141, 0.03, 0.099, 0.017, 0.129, 0.092, 0.013, -0.07, -0.011, -0.137, 0.011, -0.042, 0.064, 0.101, 0.201, 0.045, 0.035, 0.067, 0.013, 0.044, -0.171, -0.082, -0.138, -0.106, 0.071, 0.077, 0.022, 0.021, 0.041, -0.067, 0.007, 0.074, -0.049, 0.077, -0.048, -0.143, -0.143, 0.02, 0.077, 0.023, 0.165, 0.013, 0.045, -0.047, -0.06, -0.048, 0.114, 0.022, -0.028, 0.051, 0.04, 0.026, -0.027, -0.041, -0.047, -0.001, -0.162, -0.031, -0.002];
    [0.063, -0.086, 0.044, -0.021, -0.038, 0.037, -0.063, 1, -0.064, 0.023, -0.094, -0.036, 0.001, 0.061, 0.202, -0.027, -0.015, -0.062, 0.177, 0.135, 0.222, -0.176, 0.069, -0.115, 0.02, 0.218, 0.008, -0.158, 0.041, 0.18, -0.225, -0.212, -0.055, 0.09, -0.05, 0.034, -0.032, 0.088, -0.112, -0.074, 0.049, 0.048, -0.045, -0.096, -0.086, 0.279, 0.025, 0.09, 0.191, -0.098, 0.13, 0.202, 0.067, 0.008, -0.044, 0.03, -0.038, 0.177, 0.127, 0.03, -0.013, -0.041, -0.006, 0.081, 0.02, -0.079, 0.02, 0.012, -0.149, 0.141, -0.053, -0.201, 0.037, 0.148, -0.123, 0.033, 0.122, 0.036, 0.028, 0.047, -0.04, 0.103, -0.153, 0.243, -0.062, 0.132, -0.008, 0.068, -0.089, 0.091, -0.193, 0.026, 0.111, 0.222, -0.109, 0.217, 0.038, -0.083, 0.08, 0.077, -0.183, 0.163, -0.092, -0.083, 0.062, -0.085, -0.093, -0.164, -0.025, -0.075, -0.029, -0.03, 0.09, -0.091, 0.008, -0.05, 0.123, 0.043, -0.019, -0.112, -0.069, -0.032, -0.021, 0.037, -0.119, 0.203, -0.05, 0.015, 0.077, -0.215, -0.048, 0.111, 0.094, 0.398, -0.112, 0.047, -0.14, 0.262, -0.132, -0.005, -0.014, 0.191, 0.2, 0.031, 0.021, -0.069, -0.08, 0.063, -0.174, 0.015, -0.174, -0.022, 0.013, -0.001, 0.014, -0.165, -0.066, -0.046, 0.03, 0.01, -0.054, -0.019, -0.134, -0.129, -0.075, 0.079, 0.164, -0.153, -0.108, -0.15, -0.202, -0.117, 0.335, -0.003, 0.055, -0.085, -0.113, 0.048, -0.133, -0.16, -0.059, 0.016, 0.025, 0.027, -0.091, -0.023, 0.158, 0.117, 0.179, 0.064, -0.141, -0.045, -0.167, -0.126, 0.022, -0.101, 0.026, 0.041, -0.04, -0.12];
    [-0.103, 0.066, 0.065, -0.03, 0.034, 0.083, -0.183, -0.064, 1, 0.148, 0.107, 0.224, -0.054, -0.006, -0.136, 0.039, 0.144, 0.019, -0.018, 0.06, -0.028, 0.105, -0.005, -0.164, 0.104, 0.093, -0.049, 0.002, -0.006, 0.014, 0.125, 0.068, 0.043, -0.041, 0.14, 0.023, 0.03, 0.095, 0.091, 0.076, 0.022, -0.039, -0.044, 0.02, -0.145, -0.03, 0.034, 0.059, -0.096, 0.255, 0.078, 0.022, 0.102, -0.018, 0.046, -0.204, 0.055, 0.044, 0.084, 0.007, 0.015, -0.012, -0.052, -0.088, -0.035, 0.123, -0.108, 0.132, -0.125, 0.043, 0.094, 0.051, 0.067, -0.025, 0.026, 0.198, -0.067, -0.17, -0.082, -0.012, 0.057, -0.285, -0.113, 0.086, 0.067, 0.017, -0.051, -0.018, 0.003, -0.198, 0.199, 0.039, 0.002, -0.082, -0.056, -0.064, -0.142, 0.048, 0.003, -0.158, 0.026, -0.093, -0.132, -0.027, 0.083, -0.01, 0.052, 0.08, 0.188, -0.046, -0.115, -0.044, 0.162, 0.054, -0.284, 0.174, -0.065, 0.234, 0.022, 0.068, 0.001, 0.029, 0.006, -0.121, 0.074, -0.087, -0.13, -0.046, 0.212, -0.093, 0.088, -0.143, -0.104, 0, 0.013, -0.198, -0.037, -0.228, 0.288, -0.077, 0.156, 0.036, 0.067, 0.219, -0.06, -0.015, -0.067, -0.181, 0.096, -0.127, 0.134, -0.102, 0.005, -0.079, 0.01, 0.024, 0.098, -0.421, -0.02, 0.073, 0.156, 0.106, 0.109, 0.066, -0.134, -0.089, 0.006, 0.067, 0.118, -0.013, 0.075, -0.177, -0.199, 0.059, -0.21, -0.007, 0.06, -0.103, 0.021, 0.184, -0.003, -0.064, 0.313, -0.207, -0.069, -0.038, -0.111, 0.038, -0.022, 0.049, 0.146, 0.097, 0.014, -0.007, 0.172, -0.012, -0.129, -0.139, -0.094, 0.017];
    [-0.007, -0.057, 0.016, 0.001, 0.017, 0.001, -0.233, 0.023, 0.148, 1, -0.055, 0.279, 0.262, -0.159, -0.135, 0.026, 0.015, 0.082, -0.126, 0.108, -0.243, -0.024, -0.147, 0.025, -0.015, -0.186, 0.149, 0.124, -0.02, 0.093, 0.036, 0.338, 0.249, -0.184, -0.081, 0.123, -0.021, 0.034, 0.066, 0.116, -0.036, 0.051, 0.076, 0.126, 0.208, -0.056, -0.157, -0.146, -0.173, -0.021, 0.179, -0.193, 0.201, -0.294, 0.295, -0.142, 0.064, 0.128, -0.101, 0.142, -0.009, -0.145, -0.174, 0, 0.037, 0.007, 0.105, 0.075, -0.083, 0.173, 0.196, -0.045, 0.089, -0.218, 0.046, 0.221, -0.262, -0.156, -0.192, 0.027, -0.055, 0.183, -0.091, -0.037, -0.167, -0.001, -0.32, -0.068, 0.102, -0.23, 0.156, 0.005, -0.03, -0.457, -0.086, -0.006, -0.161, 0.143, 0.122, -0.026, -0.084, -0.308, -0.152, 0.088, 0.003, 0.108, -0.048, -0.134, 0.197, -0.138, 0.251, -0.15, 0.326, -0.075, -0.009, -0.042, -0.181, -0.081, -0.037, 0.029, 0.311, 0.052, 0.075, 0, 0.241, -0.289, -0.268, -0.23, -0.024, 0.119, 0.134, -0.227, 0.002, 0.027, 0.061, 0.08, -0.027, -0.174, -0.121, 0.088, -0.105, -0.094, 0.083, -0.072, -0.238, -0.589, 0.142, -0.002, -0.073, 0.026, -0.016, -0.137, 0.007, -0.016, 0.111, -0.203, 0.096, -0.133, 0.115, -0.004, 0.141, 0.111, -0.004, -0.057, 0.013, -0.53, -0.075, 0.307, 0.231, -0.037, 0.239, 0.145, -0.168, 0.045, -0.133, 0.029, 0.08, -0.099, 0.105, 0.042, 0.176, -0.324, 0.274, -0.421, 0.166, -0.077, -0.321, 0.019, 0.154, 0.057, -0.043, 0.161, 0.011, -0.106, 0.246, -0.073, -0.244, -0.282, -0.018, -0.105];
    [-0.041, -0.061, -0.148, -0.064, -0.044, -0.042, 0.027, -0.094, 0.107, -0.055, 1, -0.152, 0.064, 0.02, -0.027, 0.069, 0.021, -0.183, -0.064, -0.07, -0.042, 0.096, -0.076, -0.236, 0.264, -0.211, -0.066, -0.306, 0.042, -0.037, -0.059, -0.025, 0.06, 0.24, -0.017, -0.208, -0.102, -0.106, -0.141, -0.007, -0.073, -0.022, -0.028, 0.313, 0.068, 0.038, 0.058, -0.23, -0.084, 0.052, -0.121, 0.111, -0.435, 0.194, 0.15, 0.038, 0.063, 0.048, 0.072, 0.17, -0.043, 0.004, -0.055, 0.082, -0.326, -0.129, 0.108, 0.055, 0.113, 0.028, 0.129, -0.015, -0.104, -0.109, 0.012, -0.059, 0.127, 0.291, 0.153, -0.017, 0.213, 0.017, 0.191, -0.057, 0.092, 0.131, 0.006, -0.064, 0.009, 0.099, -0.133, 0.091, 0.204, -0.058, -0.043, -0.052, 0.002, -0.054, -0.02, 0.042, -0.101, -0.034, 0.094, -0.047, -0.167, -0.049, -0.138, -0.042, -0.127, 0.069, 0.017, -0.023, -0.143, 0.281, 0.089, 0.052, -0.076, 0.123, -0.087, -0.047, -0.233, -0.087, -0.004, 0.078, -0.148, 0.087, 0.078, -0.143, -0.129, 0.062, -0.038, -0.006, -0.166, 0.044, -0.285, -0.034, 0.016, 0.059, -0.083, -0.036, 0.294, -0.237, -0.056, 0.055, 0.2, 0.134, -0.007, -0.11, -0.106, -0.257, 0.075, 0.004, 0.079, -0.004, 0.107, 0.068, -0.044, -0.003, 0.095, -0.142, 0.072, 0.021, -0.068, 0.03, -0.153, 0.141, 0.052, -0.029, 0.183, 0.068, -0.114, 0.004, -0.039, -0.14, 0.039, 0.015, -0.081, 0.099, 0.104, 0.051, 0.022, -0.016, -0.107, 0.272, -0.145, 0.121, 0.071, -0.051, -0.064, -0.047, -0.041, 0.036, 0.045, 0.018, 0.033, 0.07, 0.033, 0.207, 0.437, 0.083];
    [0.186, 0.125, 0.061, 0.291, -0.042, 0.24, -0.025, -0.036, 0.224, 0.279, -0.152, 1, 0.16, -0.038, -0.166, 0.205, 0.085, -0.033, 0.069, 0.025, -0.098, -0.116, 0.128, -0.026, -0.038, -0.044, -0.02, 0.333, -0.028, 0.066, 0.031, 0.337, 0.046, -0.555, -0.135, 0.24, 0.082, 0.218, 0.087, -0.019, -0.002, 0.141, -0.06, -0.194, 0.18, -0.032, -0.101, 0.158, -0.157, 0.064, 0.357, -0.136, 0.279, -0.228, 0.053, -0.273, 0.03, 0.036, -0.065, -0.187, 0.118, 0.068, -0.13, -0.018, 0.224, 0.132, 0.045, -0.071, -0.029, 0.145, 0.035, 0.043, 0.306, 0.02, 0.108, 0.197, -0.202, -0.518, -0.496, 0.413, -0.162, 0.159, -0.174, 0.018, -0.045, 0.129, -0.05, 0.008, -0.023, -0.36, 0.268, 0.16, 0.053, -0.287, 0.023, -0.002, -0.061, -0.152, 0.048, -0.091, 0.159, -0.253, 0.088, -0.111, 0.097, 0.059, 0.002, -0.146, 0.235, -0.247, 0.154, -0.108, 0.216, -0.086, -0.009, -0.173, -0.209, -0.223, 0.114, 0.211, 0.242, 0.162, -0.053, -0.274, 0.23, -0.367, -0.295, -0.062, 0.107, 0.26, 0.076, -0.17, -0.147, 0, 0.075, -0.109, 0.017, -0.196, 0.121, 0.023, -0.029, -0.062, 0.296, 0.174, -0.278, -0.367, 0.207, 0.016, 0.127, 0.097, 0.003, -0.415, -0.148, -0.206, 0.069, -0.127, 0.202, -0.128, 0.023, -0.129, 0.147, 0.154, 0.189, -0.2, -0.162, -0.397, 0.045, 0.27, 0.048, 0.132, 0.296, -0.012, -0.151, -0.1, -0.517, 0.042, -0.025, -0.203, 0.005, -0.146, 0.138, -0.029, 0.604, -0.65, 0.175, -0.199, -0.324, 0.075, -0.088, 0.17, 0.1, 0.134, 0.098, 0.106, 0.205, -0.267, -0.508, -0.121, -0.16, -0.214];
    [0.079, -0.025, 0.089, 0.154, -0.006, -0.055, -0.104, 0.001, -0.054, 0.262, 0.064, 0.16, 1, -0.012, -0.199, 0.139, 0.103, -0.145, -0.132, 0.048, -0.372, -0.008, -0.162, 0.062, -0.024, -0.272, -0.047, 0.331, -0.2, -0.084, -0.043, 0.313, 0.097, -0.103, -0.201, 0.008, -0.066, 0.025, 0.067, -0.14, 0.012, 0.018, 0.115, 0.002, 0.303, 0, -0.139, -0.176, -0.096, -0.117, 0.027, -0.037, 0.163, -0.235, 0.328, 0.002, 0.086, 0.247, -0.063, 0.056, 0.05, 0.056, -0.161, 0.02, 0.006, 0.025, 0.431, -0.121, 0.06, 0.179, 0.153, 0.02, 0.008, -0.187, 0.136, -0.055, -0.194, -0.223, 0.098, 0.012, 0.091, 0.156, 0.078, 0.039, -0.031, 0.181, -0.413, -0.165, 0.2, -0.226, 0.092, -0.022, -0.138, -0.257, -0.135, -0.071, -0.146, 0.039, 0, -0.183, 0.116, -0.126, -0.094, 0.047, -0.053, -0.006, -0.08, -0.218, -0.173, -0.153, 0.118, -0.164, 0.116, -0.061, -0.005, -0.196, -0.05, -0.018, -0.003, -0.129, 0.221, 0.061, 0.075, -0.066, -0.043, -0.108, -0.212, -0.231, -0.134, 0.16, 0.05, -0.097, -0.024, 0.127, -0.005, -0.039, -0.052, -0.111, -0.005, 0.196, -0.03, 0.039, 0.1, -0.025, -0.169, -0.368, 0.475, 0.085, 0.037, -0.056, -0.001, -0.024, -0.112, -0.212, 0.476, -0.148, -0.039, -0.094, 0.205, -0.023, 0.103, 0.136, -0.079, -0.109, -0.01, -0.269, 0.028, 0.25, 0.167, -0.017, 0.332, 0.13, -0.109, 0.09, -0.174, -0.187, -0.015, -0.011, 0.069, -0.077, 0.082, -0.156, 0.089, -0.261, 0.306, -0.129, -0.17, -0.033, -0.009, -0.068, 0.177, 0.142, 0.099, 0.049, 0.074, -0.103, 0.02, -0.124, 0.036, -0.059];
    [0.113, -0.065, -0.045, 0.143, -0.11, -0.061, 0.185, 0.061, -0.006, -0.159, 0.02, -0.038, -0.012, 1, 0.074, 0.103, 0.2, 0.138, -0.188, -0.226, 0.171, 0.081, -0.149, 0.129, 0.137, -0.012, -0.112, -0.173, 0.02, -0.078, -0.1, -0.104, 0.086, 0.016, -0.011, -0.039, 0.089, 0.075, -0.019, -0.02, 0.035, 0.02, 0.2, -0.01, 0.115, 0.17, 0.138, -0.001, 0.11, 0.113, 0.042, 0.065, -0.109, 0.218, -0.093, -0.142, 0.085, -0.014, 0.122, -0.152, -0.1, 0.089, -0.064, -0.303, -0.249, 0.032, -0.098, 0.071, -0.152, 0.083, 0.11, 0.301, 0.061, 0.129, 0.084, 0.015, 0.111, -0.075, -0.004, -0.033, -0.239, -0.013, -0.006, 0.011, -0.13, 0.018, 0.153, -0.213, -0.061, -0.135, 0.116, 0.114, -0.075, 0.051, -0.09, 0.116, 0.046, -0.103, 0.07, 0.079, 0.072, -0.025, -0.049, -0.078, 0.123, 0.105, 0.095, -0.05, -0.073, -0.141, 0.088, -0.149, -0.155, -0.073, 0.107, 0, 0.083, 0.021, 0.022, -0.017, 0.044, 0.221, -0.057, 0.007, -0.037, 0.017, 0.042, -0.138, -0.17, 0.034, -0.011, -0.066, 0.141, -0.093, -0.058, 0.082, 0.001, -0.077, -0.011, 0.039, 0.118, 0.053, 0.14, -0.026, -0.017, 0.016, 0.016, -0.133, 0.135, 0.02, 0.087, -0.038, -0.095, 0.085, -0.06, 0.086, -0.153, 0.098, -0.056, 0.128, 0.092, -0.042, -0.045, -0.152, -0.109, -0.04, -0.044, 0.195, 0.043, -0.052, -0.131, 0.091, 0.025, -0.078, -0.149, -0.259, -0.04, -0.244, -0.244, 0.126, 0.03, -0.041, -0.075, 0.045, -0.063, -0.027, -0.026, 0.029, -0.108, -0.102, -0.103, -0.256, -0.083, -0.131, -0.174, -0.167, 0.108, -0.134, 0.027, -0.265];
    [-0.12, -0.023, -0.011, 0.008, -0.104, -0.066, -0.035, 0.202, -0.136, -0.135, -0.027, -0.166, -0.199, 0.074, 1, -0.185, -0.181, -0.013, 0.004, 0.012, 0.15, -0.132, 0.063, -0.212, -0.174, -0.009, 0.091, -0.183, 0.175, -0.046, 0.07, -0.158, -0.021, 0.019, -0.072, 0.167, 0.087, 0.095, -0.127, -0.006, -0.163, 0.01, 0.05, -0.032, 0.031, 0.101, 0.017, -0.027, 0.018, -0.206, -0.031, 0.134, 0, 0.064, -0.071, 0.127, -0.044, 0.027, 0.133, -0.099, -0.159, -0.027, -0.104, 0.075, -0.003, -0.108, -0.036, -0.026, -0.012, 0.041, -0.041, 0.013, 0.067, 0.102, 0.006, -0.132, 0.085, 0.041, 0.001, 0.032, -0.098, -0.112, 0.116, -0.03, -0.244, -0.053, 0.146, 0.001, -0.099, 0.033, -0.156, -0.127, 0.235, 0.289, 0.116, -0.017, 0.183, -0.257, -0.154, 0.124, -0.143, 0.246, -0.048, 0.01, -0.017, -0.024, 0.047, -0.145, -0.027, 0.099, -0.017, -0.101, -0.036, 0.007, 0.145, 0.119, 0.019, 0.129, 0.139, 0.045, -0.263, -0.04, 0.138, -0.071, -0.067, 0.269, 0.258, 0.222, 0.002, -0.005, -0.211, 0.196, 0.075, -0.079, -0.013, 0.07, -0.167, 0.206, -0.043, -0.005, -0.067, 0.078, -0.032, 0.064, 0.039, 0.22, -0.072, 0.027, -0.022, 0.164, 0.014, -0.027, 0.148, 0.153, -0.008, 0.045, -0.129, 0.084, -0.207, 0.016, -0.168, -0.053, -0.101, -0.006, 0.144, 0.249, 0.126, 0.049, -0.071, -0.059, -0.245, -0.043, 0.502, -0.148, 0.081, 0.086, -0.014, 0.017, 0.083, 0.01, -0.134, 0.11, -0.076, 0.184, -0.205, 0.221, 0.066, 0.203, -0.063, 0.017, -0.057, -0.017, -0.108, 0.159, 0.009, 0.121, 0.114, 0.126, -0.173, -0.042];
    [0.076, 0.143, 0.062, 0.144, 0.125, -0.006, 0.131, -0.027, 0.039, 0.026, 0.069, 0.205, 0.139, 0.103, -0.185, 1, 0.25, 0.007, -0.099, -0.088, -0.08, 0.002, -0.103, -0.057, 0.025, -0.021, 0.193, -0.017, -0.031, -0.018, -0.025, 0.179, 0.102, -0.136, 0.046, -0.121, 0.152, -0.017, -0.055, 0.029, -0.003, 0.174, -0.059, -0.029, 0.177, 0.014, -0.035, 0.097, 0.04, 0.102, 0.138, 0.094, -0.129, -0.02, -0.004, -0.14, 0.054, 0.007, 0.001, -0.087, -0.135, 0.043, -0.093, -0.164, -0.034, -0.026, 0.048, 0.055, 0.059, -0.072, 0.007, 0.078, -0.021, -0.007, 0.001, -0.049, 0.025, -0.042, 0.117, -0.008, -0.182, 0.139, -0.196, 0.03, 0.059, -0.026, -0.103, -0.163, 0.035, -0.123, 0.168, 0.056, 0.08, -0.036, -0.181, -0.143, -0.191, -0.09, 0.302, 0.155, -0.061, -0.063, 0.153, -0.169, -0.014, -0.026, -0.16, -0.065, 0.002, -0.106, 0.097, -0.114, 0.029, -0.123, 0.151, -0.093, -0.139, 0.133, 0.122, -0.105, 0.042, 0.123, 0.087, 0.008, 0.17, 0.011, -0.238, -0.209, -0.074, 0.143, -0.072, -0.109, 0.129, 0.059, 0.033, -0.195, -0.177, -0.167, -0.194, 0.08, 0.348, -0.106, 0.435, -0.106, 0.024, -0.165, 0.033, -0.153, -0.061, -0.245, -0.114, -0.107, -0.162, -0.118, 0.033, 0.009, -0.048, -0.05, 0.015, 0.066, 0.169, -0.17, 0.084, -0.198, -0.046, -0.165, 0.003, 0.162, 0.159, -0.014, 0.078, -0.165, -0.041, 0.031, -0.185, -0.16, -0.074, -0.176, -0.238, -0.162, 0.009, -0.022, -0.023, -0.105, -0.066, 0.034, -0.135, -0.048, 0.065, 0.126, 0.124, 0.012, 0.062, -0.099, -0.072, -0.13, -0.109, -0.148, 0.066, -0.226];
    [0.08, -0.112, 0.19, 0.201, 0.105, -0.15, 0.097, -0.015, 0.144, 0.015, 0.021, 0.085, 0.103, 0.2, -0.181, 0.25, 1, 0.03, -0.203, -0.084, 0.202, 0.115, -0.198, -0.085, 0.143, 0.064, 0.088, 0.117, -0.033, -0.022, 0.059, 0.034, 0.066, 0.027, -0.066, -0.064, 0.168, -0.149, 0.174, -0.268, 0.072, 0.072, -0.055, -0.039, 0.035, 0.137, 0.045, 0.035, -0.036, 0.162, 0.057, 0.126, 0.11, -0.007, -0.133, 0.102, 0.175, 0.1, 0.013, 0.145, -0.064, 0.022, -0.144, -0.165, -0.153, -0.025, 0.053, 0.109, 0.028, 0.115, 0.071, 0.186, 0.141, -0.082, 0.058, 0.062, 0.011, -0.193, 0.033, 0.065, -0.1, -0.029, -0.104, 0.051, 0.031, 0.077, -0.121, -0.022, 0.061, -0.162, -0.097, 0.076, -0.125, -0.145, -0.196, -0.047, -0.379, 0.013, 0.139, 0.003, 0.055, -0.118, -0.217, 0.017, 0.161, 0.116, -0.061, -0.075, -0.133, -0.186, 0.086, -0.075, 0.085, -0.044, -0.076, -0.158, 0.011, 0.007, -0.179, -0.07, 0.072, -0.078, -0.107, 0.035, 0.004, 0.081, -0.073, -0.263, -0.103, 0.037, 0.068, -0.07, 0.051, 0.01, 0.289, -0.085, 0.065, -0.088, -0.158, -0.042, 0.276, 0.085, 0.262, 0.028, -0.119, -0.095, 0.197, -0.013, -0.001, -0.052, -0.005, -0.031, -0.186, -0.022, -0.048, -0.202, -0.086, -0.193, 0.011, 0.043, 0.181, -0.137, -0.117, -0.227, -0.077, -0.053, 0.038, 0.147, 0.361, 0.095, 0, 0.049, -0.079, 0.075, -0.1, -0.246, 0.051, -0.119, -0.056, -0.132, 0.027, -0.038, -0.037, -0.12, 0.102, -0.214, -0.134, -0.088, 0.023, -0.057, 0.042, 0.108, -0.214, -0.072, 0.121, -0.171, -0.11, -0.14, 0.188, -0.033];
    [0.181, -0.147, -0.012, 0.138, 0.021, 0.048, -0.064, -0.062, 0.019, 0.082, -0.183, -0.033, -0.145, 0.138, -0.013, 0.007, 0.03, 1, -0.01, 0.008, 0.005, 0.039, -0.066, -0.056, -0.108, 0.01, 0.014, 0.086, -0.04, -0.025, -0.003, -0.073, -0.003, -0.072, 0.16, 0.144, 0.093, 0.067, 0.34, -0.206, 0.009, 0.055, -0.165, 0.026, -0.007, 0.07, -0.058, 0.223, 0.051, 0.196, -0.003, -0.167, -0.004, 0.078, -0.032, -0.145, -0.114, -0.179, -0.163, 0.053, 0.038, -0.135, -0.001, -0.16, -0.025, 0.126, -0.189, 0.048, 0.071, 0.047, 0.048, 0.045, 0.035, 0.101, 0.162, -0.102, -0.032, -0.134, -0.038, -0.05, -0.21, -0.077, 0.056, -0.121, -0.06, 0.013, 0.147, 0.012, -0.06, -0.239, 0.242, 0.054, 0.067, 0.054, 0.001, 0.125, 0.106, -0.072, 0.019, -0.153, 0.059, -0.08, -0.009, 0.139, 0.066, 0.001, 0.107, 0.046, -0.068, -0.015, 0.011, -0.053, -0.044, -0.075, 0.043, -0.13, 0.132, -0.235, -0.07, -0.159, 0.395, 0.008, -0.168, -0.216, -0.114, -0.041, 0, -0.07, 0.038, 0.024, -0.008, -0.143, 0.257, -0.019, 0.112, -0.047, -0.148, -0.064, 0.19, 0.081, -0.139, 0.027, -0.013, -0.472, -0.139, -0.006, -0.026, -0.104, -0.103, 0.04, 0.105, -0.259, -0.119, 0.178, -0.13, -0.092, -0.056, 0.075, -0.144, 0.216, 0.067, -0.015, 0.125, 0.011, 0.12, -0.085, -0.055, 0.031, 0.002, -0.033, 0.079, 0.085, -0.014, -0.019, -0.065, 0.049, 0.064, -0.059, -0.134, -0.001, -0.061, -0.138, -0.07, -0.01, 0.209, -0.002, 0.002, 0.019, -0.113, 0.016, 0.027, -0.16, 0.028, -0.117, -0.013, -0.118, 0.077, -0.067, 0.024, 0.001];
    [0.002, 0.083, -0.014, -0.058, -0.056, 0.204, 0.066, 0.177, -0.018, -0.126, -0.064, 0.069, -0.132, -0.188, 0.004, -0.099, -0.203, -0.01, 1, 0.437, 0.118, -0.31, 0.462, -0.126, 0.071, 0.229, 0.059, 0.063, -0.19, 0.206, -0.078, -0.131, -0.084, -0.003, -0.015, 0.058, -0.042, -0.059, 0.031, 0.041, 0.053, 0.09, -0.17, 0.009, -0.045, 0.126, -0.062, 0.175, -0.057, -0.161, 0.017, 0.093, 0.075, -0.044, -0.009, 0.038, 0.022, 0.043, 0.024, -0.051, 0.107, 0.073, -0.009, 0.093, 0.091, 0.007, -0.077, -0.117, 0.029, -0.166, -0.144, -0.389, 0.013, 0.157, 0.034, 0.091, -0.055, 0.008, -0.034, 0.122, 0.043, 0.018, 0.064, -0.047, 0.043, 0.293, 0.028, 0.13, -0.156, 0.109, 0.099, 0.015, 0.152, 0.2, 0.023, 0.022, 0.046, 0.12, -0.049, 0.066, -0.095, 0.037, 0.231, -0.024, 0.11, -0.123, -0.229, 0.072, 0.034, -0.04, -0.114, 0.107, -0.042, -0.044, -0.134, 0.128, 0.083, -0.045, 0.015, 0.044, -0.142, -0.04, 0.088, -0.109, 0.031, 0.142, -0.074, 0.236, 0.119, 0.015, -0.079, -0.106, -0.077, -0.02, 0.045, -0.03, -0.149, 0.126, -0.01, -0.16, -0.07, 0.031, 0.016, -0.073, -0.076, 0.024, -0.041, 0.085, -0.143, 0.004, 0.044, -0.095, -0.056, -0.184, 0.109, -0.058, 0.124, -0.001, 0.127, -0.079, -0.178, 0.094, -0.008, -0.034, -0.082, 0.112, 0.072, -0.047, -0.03, 0.148, -0.088, -0.08, 0.132, 0.012, -0.052, 0.059, 0.005, -0.138, -0.027, 0.037, 0.014, -0.092, 0.069, -0.057, -0.25, 0.021, 0.06, 0.126, -0.022, 0.08, 0.062, 0.08, -0.049, 0.123, -0.001, -0.058, -0.03, 0.037, -0.021, 0.109];
    [0.045, 0.035, 0.214, 0.002, 0.035, 0.148, -0.013, 0.135, 0.06, 0.108, -0.07, 0.025, 0.048, -0.226, 0.012, -0.088, -0.084, 0.008, 0.437, 1, -0.088, -0.224, 0.214, 0.061, -0.008, 0.076, -0.137, -0.067, 0.001, 0.213, 0.016, -0.045, 0.109, 0.077, 0.015, 0.233, -0.115, -0.039, 0.053, 0.172, -0.007, 0.082, -0.032, -0.094, -0.099, -0.184, -0.056, -0.052, -0.008, -0.262, 0.105, -0.205, 0.032, -0.102, 0.051, -0.005, 0.006, 0.121, -0.027, 0.079, -0.096, -0.203, 0.037, 0.11, 0.103, 0.054, -0.005, -0.059, 0.055, 0.07, -0.181, -0.455, -0.092, 0.149, -0.124, 0.063, -0.064, 0.053, 0.008, -0.068, 0.011, -0.048, -0.14, 0.024, -0.11, 0.136, 0.079, 0.393, 0.013, 0.028, 0.07, 0.053, 0.037, -0.015, 0.167, -0.065, -0.002, 0.286, 0.023, 0.059, -0.028, -0.002, -0.027, -0.076, -0.136, 0.074, -0.01, 0.017, 0.025, -0.039, 0.013, 0.043, -0.011, 0.146, 0.135, 0.185, -0.052, -0.061, 0.05, 0.092, -0.045, 0.035, 0.034, -0.073, 0.167, 0.098, -0.027, -0.087, 0.049, -0.059, -0.127, -0.108, -0.053, 0.001, 0.06, 0.069, 0.098, -0.038, -0.07, 0.008, 0.018, 0.007, -0.115, -0.02, 0.076, -0.148, -0.078, 0.187, -0.152, -0.036, 0.041, -0.035, 0.076, -0.022, 0.114, 0.097, 0.177, -0.136, 0.024, 0.105, -0.251, -0.03, 0.052, -0.116, -0.107, -0.053, 0.102, -0.171, -0.043, 0.021, -0.073, -0.285, -0.009, 0.125, -0.069, 0.006, 0, -0.089, -0.041, 0.056, 0.163, -0.153, 0.054, -0.104, -0.231, -0.087, -0.042, -0.059, -0.012, 0.128, 0.005, -0.141, -0.155, 0.004, -0.068, 0.074, -0.07, -0.012, -0.044, 0.179];
    [0.098, -0.157, 0.109, -0.302, -0.218, -0.12, 0.012, 0.222, -0.028, -0.243, -0.042, -0.098, -0.372, 0.171, 0.15, -0.08, 0.202, 0.005, 0.118, -0.088, 1, -0.268, 0.045, -0.011, 0.18, 0.138, 0.011, -0.103, 0.082, 0.139, -0.074, -0.218, -0.008, 0.203, 0.07, 0.069, 0.085, -0.081, 0, -0.049, -0.017, -0.007, -0.063, -0.04, -0.139, 0.183, 0.065, -0.06, -0.003, 0.071, 0.064, 0.092, 0.071, 0.098, -0.224, 0.082, -0.013, 0.059, 0.084, 0.008, 0.1, -0.062, 0.048, -0.019, -0.152, 0.023, -0.128, 0.07, -0.161, -0.124, -0.128, -0.064, -0.118, 0.132, -0.136, 0.003, 0.086, 0.096, 0.119, -0.022, -0.072, -0.085, -0.041, -0.007, -0.038, 0.177, 0.249, 0.091, -0.163, 0.162, -0.243, 0.013, 0.136, 0.187, -0.017, 0.157, 0.16, -0.084, -0.022, 0.079, 0.016, 0.17, 0.028, -0.064, 0.066, 0.057, -0.116, 0.079, -0.252, -0.059, -0.096, 0.168, -0.007, 0.167, -0.048, -0.033, 0.056, 0.103, -0.068, 0.15, -0.173, -0.045, -0.08, 0.142, -0.174, 0.198, 0.123, 0.084, 0.211, -0.036, -0.084, 0.083, -0.034, 0.062, 0.06, 0.021, 0.047, 0.211, -0.102, -0.152, 0.109, 0.049, 0.078, 0.037, 0.1, 0.151, -0.087, 0.193, 0.119, 0.128, 0.033, 0.05, 0.154, -0.021, -0.237, 0.002, -0.065, 0.051, -0.047, -0.014, -0.165, 0.019, -0.103, -0.206, 0.086, 0.244, 0.139, -0.033, -0.019, 0.149, -0.261, -0.025, 0.167, -0.165, 0.021, -0.201, -0.036, -0.06, -0.111, 0.054, 0.032, 0.105, -0.164, 0.118, -0.019, -0.061, 0.055, -0.073, 0.101, 0.025, -0.011, -0.114, -0.204, -0.118, -0.089, -0.136, 0.015, 0.092, 0.034, 0.064];
    [-0.078, -0.094, -0.081, 0.072, 0.035, 0.015, -0.09, -0.176, 0.105, -0.024, 0.096, -0.116, -0.008, 0.081, -0.132, 0.002, 0.115, 0.039, -0.31, -0.224, -0.268, 1, -0.126, 0.079, -0.017, 0.04, -0.135, 0.062, -0.011, -0.218, 0.173, 0.135, -0.11, 0.061, -0.003, -0.279, 0.052, 0.089, 0.089, 0.028, -0.032, 0.055, 0.046, -0.045, 0.003, -0.012, 0.074, 0.137, 0.154, 0.4, -0.193, 0.055, -0.141, 0.101, 0.073, -0.035, 0.043, -0.108, -0.033, 0.074, -0.13, -0.003, -0.167, 0.136, 0.068, 0.206, 0.011, -0.055, 0.097, 0.283, 0.079, 0.132, 0.072, -0.069, -0.092, -0.04, 0.147, -0.002, -0.057, -0.212, 0.064, 0.098, 0.107, 0.112, 0.158, -0.19, -0.047, -0.178, 0.124, -0.139, -0.115, -0.032, -0.032, -0.127, -0.06, -0.143, -0.085, -0.079, -0.116, -0.32, 0.031, -0.074, -0.08, -0.02, 0.104, -0.075, 0.102, 0.136, 0.281, 0.086, 0.137, 0.123, -0.047, 0.006, -0.163, 0.089, -0.154, -0.025, -0.06, -0.097, 0.102, 0.008, 0.043, -0.078, 0.081, -0.075, 0.046, -0.101, -0.047, 0.073, 0.355, -0.101, -0.073, -0.03, 0.043, -0.063, -0.014, -0.266, 0.181, -0.02, 0.088, -0.077, -0.123, 0.034, -0.045, 0.074, -0.094, -0.5, -0.096, -0.302, 0.151, 0.227, -0.205, 0.098, -0.184, -0.099, -0.052, 0.012, -0.103, -0.014, 0.167, -0.19, 0.038, 0.473, -0.121, -0.06, -0.52, -0.066, 0.042, -0.031, 0.077, 0.062, -0.387, 0.167, 0.169, 0.002, 0.18, 0.194, 0.059, 0.13, -0.331, 0.07, 0.043, 0.204, -0.034, 0.214, 0.094, -0.076, -0.196, -0.082, 0.038, -0.094, 0.143, -0.081, 0.114, 0.182, 0.191, -0.03, 0.109, -0.046];
    [-0.02, -0.017, -0.041, -0.066, 0.036, 0.188, 0.08, 0.069, -0.005, -0.147, -0.076, 0.128, -0.162, -0.149, 0.063, -0.103, -0.198, -0.066, 0.462, 0.214, 0.045, -0.126, 1, -0.039, -0.083, 0.254, -0.157, 0.053, 0.026, 0.081, -0.031, -0.045, -0.159, -0.013, -0.112, 0.163, -0.19, 0.154, 0.09, 0.026, 0.095, 0.161, -0.074, -0.132, -0.017, 0.093, 0.074, 0.048, 0.079, -0.029, 0.025, 0.084, -0.046, -0.216, 0.025, -0.026, 0.028, 0.041, 0.011, -0.168, -0.039, 0.027, 0.178, 0.306, 0.087, 0.047, -0.078, -0.54, -0.052, -0.096, -0.237, -0.275, -0.004, 0.277, 0.011, 0.071, 0.081, -0.011, -0.078, -0.006, 0.182, -0.039, 0.017, 0.066, 0.066, 0.068, 0.107, 0.114, -0.037, 0.045, -0.095, -0.07, 0.231, 0.088, 0.119, -0.183, -0.04, 0.049, -0.126, 0.065, -0.105, -0.076, 0.157, 0.143, 0.125, -0.12, 0.002, 0.078, 0.064, 0.015, -0.133, 0.174, 0.022, -0.039, -0.023, -0.009, -0.166, -0.168, 0.238, -0.041, -0.153, -0.067, 0.267, -0.012, -0.009, 0.158, 0.132, 0.349, 0.232, 0.061, -0.013, 0.069, -0.095, -0.019, 0.053, -0.057, 0.012, 0.215, -0.007, -0.18, -0.166, 0.039, -0.03, 0.013, -0.05, 0.162, -0.205, 0.075, -0.091, -0.036, -0.025, -0.107, 0.044, -0.176, 0.097, 0.04, 0.297, 0.163, -0.026, -0.175, -0.159, -0.106, 0.019, 0.109, -0.008, 0.143, -0.068, -0.185, -0.303, 0.133, 0.13, 0.041, 0.078, 0.019, 0.026, 0.192, -0.012, -0.018, -0.116, -0.082, 0.058, -0.117, 0.045, -0.128, -0.133, 0.029, 0.177, 0.086, -0.111, -0.013, -0.149, -0.034, -0.036, 0.202, -0.034, 0.104, -0.008, 0.198, 0.033, 0.025];
    [0.194, 0.006, 0.022, -0.019, 0.028, 0.11, -0.054, -0.115, -0.164, 0.025, -0.236, -0.026, 0.062, 0.129, -0.212, -0.057, -0.085, -0.056, -0.126, 0.061, -0.011, 0.079, -0.039, 1, 0.105, -0.017, -0.063, 0.162, -0.016, -0.03, -0.072, 0.17, 0.075, -0.05, -0.081, -0.1, -0.102, 0.048, -0.08, 0.046, 0.068, -0.053, 0.105, -0.016, -0.014, -0.074, 0.053, -0.008, 0.107, 0.064, 0.017, 0.009, 0.05, -0.106, 0.031, -0.113, -0.121, -0.058, -0.14, -0.065, 0.034, -0.119, 0.11, -0.098, 0.022, -0.021, -0.024, -0.146, 0.085, 0.111, 0.035, 0.034, 0.05, -0.017, -0.043, -0.081, 0.005, -0.032, -0.112, -0.044, -0.096, -0.022, -0.025, 0.107, -0.111, 0.059, 0.048, 0.022, -0.016, -0.08, 0.123, 0.033, -0.148, 0.08, 0.054, -0.267, 0.106, 0.068, 0.047, -0.111, 0.126, 0.04, 0.028, -0.119, 0.061, -0.042, -0.011, -0.013, 0.052, -0.063, 0.051, 0, -0.067, -0.069, 0.094, -0.094, -0.037, -0.117, 0.011, 0.018, 0.239, 0.127, 0.087, -0.01, -0.079, 0.067, -0.026, -0.24, -0.095, 0.07, 0.056, 0.028, 0.095, -0.054, 0.031, 0.073, 0.229, -0.13, 0.06, -0.056, -0.068, 0.081, -0.058, -0.024, -0.014, -0.165, -0.192, 0.028, 0.044, 0.039, 0.122, 0.156, -0.115, -0.088, -0.053, 0.136, 0.023, 0.16, 0.014, 0.016, -0.111, 0.071, 0.088, -0.122, 0.027, -0.144, -0.229, -0.087, -0.009, 0.042, 0.051, 0.198, -0.175, 0.145, 0.005, -0.039, 0.145, -0.127, -0.114, 0.017, 0.037, -0.148, 0.096, -0.02, 0.139, -0.118, -0.04, -0.067, 0.08, -0.097, -0.087, -0.288, 0.079, -0.053, -0.098, 0.178, 0.085, -0.101, -0.107, -0.059];
    [-0.036, -0.122, -0.066, -0.115, -0.061, 0.008, 0.142, 0.02, 0.104, -0.015, 0.264, -0.038, -0.024, 0.137, -0.174, 0.025, 0.143, -0.108, 0.071, -0.008, 0.18, -0.017, -0.083, 0.105, 1, -0.013, 0.102, -0.016, -0.045, 0.013, -0.112, -0.061, -0.066, 0.13, 0.068, -0.085, -0.062, -0.486, -0.035, 0.008, 0.135, 0.018, -0.141, 0.159, 0.049, -0.014, 0.03, -0.071, 0.004, -0.107, -0.071, 0.017, 0.03, 0.116, -0.064, 0.1, 0.084, -0.074, 0.003, 0.088, 0.081, 0.195, 0.027, -0.275, -0.159, 0.113, -0.049, -0.051, 0.059, -0.097, 0.111, -0.043, -0.223, -0.078, -0.036, -0.083, -0.051, -0.02, 0.176, -0.089, 0.117, -0.022, 0.038, 0.125, -0.2, 0.184, 0.014, -0.124, -0.266, -0.055, -0.003, 0.031, 0.111, 0.012, -0.198, -0.036, 0.032, 0.063, -0.035, 0.062, 0.04, 0.068, -0.073, -0.068, 0.033, 0.093, -0.089, -0.133, -0.075, -0.066, -0.073, -0.008, -0.093, 0.187, 0.053, -0.026, -0.015, 0.26, -0.062, -0.015, -0.111, -0.038, 0.147, 0.078, -0.079, 0.141, -0.076, -0.152, 0.057, 0.067, 0.108, -0.044, -0.051, 0.086, 0.006, -0.071, 0.076, 0.056, 0.012, -0.059, 0.253, -0.057, 0.124, 0.052, 0.033, 0.097, 0.121, 0.002, 0.075, -0.046, 0.06, 0.048, -0.108, -0.156, 0.11, -0.159, 0.167, 0.021, 0.079, -0.055, -0.061, -0.005, -0.008, -0.179, -0.148, 0.08, -0.002, 0.054, 0.027, -0.08, -0.111, 0.076, -0.068, 0.087, -0.048, -0.302, 0.108, -0.039, -0.186, 0.09, -0.042, 0.03, 0.043, -0.033, 0.026, -0.016, -0.036, -0.118, 0.14, -0.13, 0.106, -0.1, -0.111, 0.144, -0.171, 0.022, -0.111, -0.008, 0.172, 0.092];
    [-0.028, -0.099, 0.043, -0.107, 0.018, -0.071, -0.084, 0.218, 0.093, -0.186, -0.211, -0.044, -0.272, -0.012, -0.009, -0.021, 0.064, 0.01, 0.229, 0.076, 0.138, 0.04, 0.254, -0.017, -0.013, 1, -0.1, -0.112, -0.127, 0.102, -0.01, -0.213, -0.169, 0.081, -0.008, -0.085, 0.083, 0.112, 0.064, 0.074, -0.024, -0.082, -0.073, -0.24, -0.289, 0.015, -0.049, 0.289, 0.23, 0.037, 0.118, 0.009, -0.079, -0.053, -0.238, -0.013, 0.034, -0.02, 0.12, 0.127, -0.256, 0.024, 0.117, 0.208, 0.092, -0.008, -0.17, -0.075, -0.034, 0, -0.335, -0.131, -0.025, 0.375, 0.08, 0.058, 0.148, 0.031, 0.025, -0.094, -0.012, -0.121, 0.034, 0.04, 0.061, -0.019, 0.09, 0.068, -0.174, 0.078, -0.062, -0.031, 0.044, 0.126, 0.049, -0.082, -0.116, -0.003, -0.076, -0.082, -0.037, 0.063, 0.076, -0.038, 0.096, -0.197, 0.017, 0.292, -0.036, 0.112, 0.005, 0.103, 0.042, -0.052, -0.166, 0.163, 0.087, -0.011, 0.065, 0.027, -0.109, 0.072, 0, 0.009, 0.107, 0.147, 0.207, 0.114, 0.021, -0.274, 0.088, 0.107, -0.004, 0.164, 0.16, -0.025, -0.012, 0.068, 0.113, -0.17, 0.112, 0.182, -0.05, -0.093, 0.033, 0.106, -0.177, -0.024, -0.045, -0.068, -0.021, 0.098, -0.077, 0.155, -0.115, 0.047, 0.067, 0.12, -0.101, 0.172, -0.114, 0.057, 0.045, 0.155, -0.149, 0.246, -0.095, -0.285, -0.13, 0.226, -0.076, 0.105, -0.007, 0.09, 0.072, 0.06, 0.073, -0.027, -0.232, 0.006, -0.148, -0.004, 0.002, 0.058, -0.321, 0.03, 0.124, 0.078, 0.011, -0.035, -0.062, -0.12, -0.034, 0.035, -0.185, 0.186, 0.094, 0.164, -0.113, 0.097];
    [-0.094, 0.021, 0.014, 0.044, 0.137, 0.084, 0.01, 0.008, -0.049, 0.149, -0.066, -0.02, -0.047, -0.112, 0.091, 0.193, 0.088, 0.014, 0.059, -0.137, 0.011, -0.135, -0.157, -0.063, 0.102, -0.1, 1, -0.084, -0.1, 0.102, -0.069, -0.042, 0.03, 0.173, -0.033, 0.003, 0.168, -0.244, 0.051, -0.028, -0.132, 0.005, -0.048, 0.075, -0.052, -0.159, -0.144, -0.011, -0.106, -0.032, -0.044, 0.235, 0.018, -0.106, 0.06, 0.182, -0.005, -0.082, 0.027, 0.005, 0.106, 0.084, -0.111, -0.057, -0.002, -0.088, -0.028, 0.099, 0.07, 0.13, -0.049, -0.064, 0.099, -0.159, 0.081, 0.03, -0.089, 0.009, -0.023, 0.066, 0.03, 0.089, -0.098, -0.021, -0.131, -0.153, 0.006, -0.07, -0.24, -0.107, -0.073, -0.005, 0.058, 0.118, -0.043, 0.097, -0.053, -0.102, 0.07, 0.026, 0.037, 0.005, -0.042, -0.081, 0.053, -0.228, -0.039, -0.079, 0.105, 0.072, 0.025, -0.129, 0.055, -0.11, 0.082, 0.029, -0.015, 0.043, 0.056, 0.003, 0.118, -0.127, 0.14, -0.111, 0.073, 0.022, -0.194, -0.159, -0.011, 0.208, 0.015, -0.051, 0.132, 0.079, 0.217, -0.113, -0.39, 0.011, 0.003, -0.104, 0.099, -0.016, 0.073, -0.076, -0.046, -0.108, 0.002, 0.013, -0.018, 0.18, -0.058, -0.038, -0.063, 0.127, 0.003, -0.052, 0.083, 0.013, 0.062, 0.124, -0.051, 0.067, 0.174, -0.14, -0.137, -0.131, 0.055, 0.181, 0.256, -0.007, -0.194, -0.069, 0.095, -0.101, 0.107, -0.097, 0.127, -0.035, -0.094, -0.038, -0.231, 0.044, -0.029, 0.001, 0.037, -0.156, -0.015, -0.142, 0.055, -0.103, -0.139, 0.22, 0.001, 0.066, -0.036, -0.107, -0.118, -0.33, -0.015, 0.071];
